234237
234373
236713
236831
236905
237011
237079
237282
237480
237615
237669
237739
237911
238050
238477
238598
238771
238966
239039
239298
239465
239592
239723
239801
239873
240041
240109
240220
240288
240412
240484
240658
240726
240834
240903
241074
241142
241308
241375
241479
241546
241661
241729
241848
241916
242083
242151
242271
242454
242647
242790
242981
243058
243247
243321
243504
243575
243709
243819
243947
244037
255211
255317
255374
255494
255552
255620
255723
257708
257971
262659
262748
264558
264657
264712
264816
264870
264918
265022
265080
265163
265230
265304
265358
265462
265516
270984
271080
