1232
1356
1673
3182
3514
3662
3818
3987
4034
4079
4175
4559
4609
4732
8328
8542
8593
8691
8787
8950
9126
9217
9331
9698
9876
11448
11622
11711
12021
12124
13632
13709
14065
14142
14498
14575
14931
15008
15453
15525
15856
15926
16712
16781
17762
18387
18642
18721
19293
21148
21503
21558
24496
24672
25494
27167
33357
42480
42723
42938
44043
45102
45173
46002
46127
46227
46321
46433
46493
46590
46760
47205
49811
52435
55058
57681
58092
60715
63338
66087
68836
68879
72670
73097
73139
73314
73476
73522
73572
73626
75706
160336
167035
167419
167466
167563
167660
167757
175982
179308
180737
181587
181944
182270
188965
189125
198048
198750
199728
205842
205882
210824
211625
212401
212993
215902
215946
216197
216467
216507
225635
225681
225792
226070
226109
226369
235498
236341
244278
245797
248356
252442
255004
255155
255838
257534
257621
258234
259599
260534
260617
262167
263779
264121
264480
268672
270516
272802
273717
273910
274398
274708
274988
277192
280108
284033
284078
286110
287686
290897
291158
291198
291240
