11
57
110
159
215
297
345
392
433
485
544
624
670
736
785
846
912
963
1015
1066
1111
1148
1197
76062
84839
84878
84905
84934
85001
85074
92706
92732
92800
92845
92890
92933
92973
93012
93053
93094
93138
93179
93221
93271
93324
93374
93429
93487
93537
93587
93642
93692
93742
93793
93846
93900
93936
93980
94029
94077
94131
94182
94232
94281
94335
94387
94432
94476
94523
94567
94612
94657
94703
94748
94798
94851
94895
94940
94985
95030
95076
95126
95164
95201
95252
95300
95359
95419
95472
99863
102131
102192
103117
103370
109561
109645
109716
109757
122181
149468
149557
149628
149737
149799
150270
150330
150367
150402
150713
150756
151104
151427
151480
151539
151587
151630
151884
152315
152448
152506
152576
152620
152889
152937
152987
153071
153123
153211
153271
153318
153364
153442
153505
153549
153594
153655
153694
153774
153826
153905
154145
154194
154259
154354
154409
154594
154963
155016
155124
155177
155222
155269
155370
155409
155518
155622
155735
155785
155948
156738
156813
156897
156935
156965
157015
157057
157106
157146
157392
157449
157508
157576
157678
157725
158136
158177
158215
158276
158373
158416
158455
158493
158523
158563
158594
158628
158669
159269
159342
159391
159486
159533
159573
159755
159830
159864
160093
160144
160201
160421
161079
161309
161422
161548
161608
161672
161739
161846
161879
162097
162171
162235
162269
162374
162483
162535
162866
163086
163138
163228
163278
163356
163497
163685
163788
163835
164021
164157
164218
164288
164385
164434
164558
164648
164687
164732
164812
165121
165290
165339
165435
165523
165717
165752
165899
165956
166038
166091
166152
166314
166363
166451
166501
166540
166615
166712
166818
166851
167079
167240
167306
167855
173582
173923
175805
175891
176260
176309
176371
177319
177462
177503
177899
178282
179226
179706
179755
180421
180737
180879
180938
181040
181385
181462
181895
182073
182126
182181
186776
188350
188436
188475
188520
188614
190175
190220
190286
190617
190650
196416
198048
198132
198299
198845
199110
199165
199232
199293
199373
199420
199473
199554
199609
199667
200040
200095
200361
200410
200619
201744
204987
205100
205144
205259
205322
205364
205460
205507
210681
210718
210763
210926
212792
212837
212892
212941
213368
214537
214703
215042
215125
215175
215737
215784
215835
215946
216377
216557
216594
221759
221823
222152
222203
224336
225579
225721
225852
225897
226029
226149
226191
226230
226271
226324
226409
226450
226795
226850
226897
232683
233945
234038
234237
234639
234678
235222
235537
235597
235648
235786
235847
235900
235947
235989
236713
236905
237079
237282
237410
237555
237739
237911
238598
238717
238771
238902
239298
239403
239465
239592
239873
239987
240109
240288
240484
240604
240726
240903
241018
241142
241254
241375
241546
241729
241916
242029
242151
242454
242586
242790
243058
243182
243321
243442
243575
243709
243893
243947
244323
245306
245363
245410
245758
245797
245927
246075
246187
246292
246414
246543
246687
246818
246947
247143
247278
247420
247587
247791
247907
248007
248091
248405
248451
248865
251563
251638
251710
251784
251980
252043
252140
252229
252442
252626
252685
252746
252799
252842
252930
252981
253031
253080
253176
253213
253270
253315
254318
254351
254671
255211
255374
255620
255838
257038
257141
257216
257708
259302
259339
259560
259638
259683
260022
260207
260576
260768
260821
260870
260924
260975
261324
261653
261698
261743
261961
262044
262210
262285
262363
262523
262570
262659
263127
263166
263268
263313
263654
263722
264164
264319
264441
264558
264712
264918
265080
265230
265358
265606
265720
265802
265843
265888
265929
265988
266023
266074
266221
266262
266724
266766
266814
267178
267217
267252
267297
267338
267389
267447
267494
268732
269185
269230
269277
269453
269548
269946
270008
270055
270126
270169
270220
270305
270556
270668
270723
270984
271132
271192
271535
271610
271657
271743
271780
271908
272021
272065
272115
272168
272400
272443
272495
272628
272685
272895
272937
273098
273144
273228
273388
273426
273463
273543
273584
273633
273717
273955
274013
274054
274335
274468
274564
274609
274644
274749
275041
275087
275148
275197
275286
275327
275381
275424
275469
275830
275976
276027
276181
276336
276409
276473
276573
276929
276966
277006
277051
277100
277153
277235
277294
277370
277447
277506
277552
277589
277651
277698
277743
277980
278488
278529
278876
279053
279472
279524
279800
279901
279942
279988
280069
282673
283028
283085
283146
283208
283574
283657
283751
283800
283859
283920
283983
284145
284182
284329
284846
284885
284924
284961
285049
285684
285733
285850
285905
285980
286034
286071
286110
286189
286394
286729
286766
286803
287134
287188
287238
287563
287606
287649
287771
289643
289700
289743
289780
289825
289868
289909
289958
290100
290139
291027
291082
291121
