77317
77420
77524
77626
77730
77833
77937
78038
78141
78243
78347
78451
78554
78657
78760
78863
78967
79069
79173
79276
79380
79484
79587
79690
79763
79865
79968
80071
80193
80297
80400
80503
80607
80710
80814
80917
81021
81124
81228
81332
81435
81539
81643
81745
81849
81952
82055
82158
82261
82365
82468
82572
82676
82779
82881
82984
83088
83191
83294
83397
83500
83602
83706
83810
83912
84016
84118
84221
84323
84427
84530
84633
84736
85129
85232
85335
85438
85542
85645
85749
85852
85955
86076
86180
86284
86387
86490
86594
86697
86800
86903
87007
87110
87213
87315
87418
87521
87624
87726
87829
87933
88037
88140
88243
88346
88449
88552
88655
88757
88861
88964
89068
89172
89276
89379
89482
89586
89688
89792
89896
89999
90102
90206
90310
90414
90517
90620
90723
90827
90931
91035
91154
91258
91362
91465
91569
91672
91776
91879
91983
92086
92189
92292
92396
92499
92603
95526
95629
95732
95835
95939
96042
96145
96248
96352
96456
96559
96662
96766
96869
96973
97077
97180
97283
97387
97490
97593
97697
97801
97904
98006
98109
98213
98314
98418
98522
98626
98728
98831
98934
99038
99142
99245
99348
99452
99555
99657
99760
99914
100018
100121
100225
100329
100329
100477
100580
100684
100788
100891
100994
101098
101201
101305
101408
101512
101616
101719
101821
101925
102028
103163
103266
103411
103515
103618
103722
103825
103928
104031
104133
104236
104340
104444
104548
104649
104753
104857
104968
105072
105176
105279
105382
105486
105590
105694
105797
105901
106005
106109
106211
106314
106417
106520
106661
106764
106866
106970
107074
107178
107281
107385
107488
107592
107695
107799
107901
108009
108113
108216
108320
108423
108527
108631
108735
108837
108940
109044
109148
109251
109354
109458
109864
109967
110071
110174
110278
110382
110486
110589
110691
110793
110895
110999
111103
111205
111308
111411
111514
111618
111722
111826
111930
112034
112138
112242
112345
112449
112552
112656
112760
112864
112968
113071
113175
113279
113382
113483
113587
113690
113794
113897
114000
114104
114207
114323
114425
114529
114632
114736
114840
114943
115046
115149
115252
115354
115457
115561
115664
115767
115870
115973
116075
116178
116282
116386
116489
116593
116697
116800
116903
117006
117110
117213
117317
117421
117523
117626
117729
117833
117935
118039
118143
118246
118349
118452
118556
118659
118762
118866
118969
119071
119175
119278
119381
119484
119587
119690
119794
119898
120002
120113
120216
120319
120423
120526
120630
120734
120837
120940
121043
121146
121250
121354
121457
121560
121664
121767
121870
121973
122077
122504
122608
122711
122814
122918
123021
123125
123228
123331
123434
123537
123641
123745
123848
123951
124054
124156
124260
124363
124466
124569
124672
124775
124879
124983
125086
125187
125290
125393
125497
125601
125704
125807
125910
126012
126115
126219
126323
126427
126530
126633
126736
126840
126944
127047
127151
127255
127359
127462
127566
127669
127772
127874
127992
128096
128198
128301
128404
128507
128610
128713
128817
128921
129024
129128
129232
129336
129438
129542
129644
129747
129851
129954
130058
130169
130272
130375
130478
130582
130685
130789
130891
130994
131097
131201
131305
131409
131513
131616
131720
131824
131928
132032
132135
132238
132341
132443
132547
132650
132753
132856
132960
133064
133167
133271
133372
133475
133578
133681
133784
133887
133990
134094
134197
134308
134411
134515
134619
134723
134827
134930
135033
135136
135239
135343
135446
135550
135654
135758
135861
135965
136068
136171
136274
136378
136481
136583
136686
136758
136859
136963
137067
137170
137272
137375
137479
137582
137686
137789
137892
137996
138099
138203
138307
138411
138514
138616
138719
138822
138925
139027
139130
139233
139337
139441
139543
139645
139749
139853
139956
140059
140162
140265
140369
140472
140576
140680
140784
140886
140990
141093
141197
141301
141405
141509
141611
141715
141819
141922
142025
142128
142232
142336
142439
142542
142645
142749
142852
142955
143059
143162
143265
143367
143471
143575
143679
143782
143885
143988
144091
144195
144298
144402
144506
144608
144712
144816
144920
145024
145127
145229
145332
145436
145540
145643
145747
145851
145954
146056
146158
146261
146365
146469
146572
146675
146779
146883
146987
147089
147192
147294
147396
147500
147603
147707
147811
147915
148018
148122
148226
148329
148432
148535
148638
148742
148846
148949
149053
149157
149261
149364
168316
168419
168523
168625
168728
168832
168935
169038
169142
169244
169348
169451
169555
169657
169760
169864
169968
170072
170176
170279
170381
170485
170588
170691
170795
170898
171001
171105
171208
171310
171414
171517
171620
171723
171827
171931
172034
172138
172240
172344
172448
172550
172653
172756
172859
172962
173065
173168
173271
173374
173478
173670
173774
173966
174069
174171
174275
174378
174482
176432
176536
176640
176744
176848
176951
177054
177157
182323
182434
182537
182641
182744
182848
182950
183054
183157
183260
183363
183466
183570
183673
183776
183879
183983
184087
184191
184294
184396
184499
184602
184705
184808
184911
185015
185118
185221
185325
185429
185532
185636
185738
185841
185945
186048
186157
186260
186363
186467
186570
186673
186836
186939
187042
187146
187249
187351
187454
187558
187662
187764
187868
187969
188072
188175
188279
188656
188759
188862
190689
190791
190894
190998
191101
191203
191305
191408
191512
191615
191719
191823
191927
192031
192134
192238
192341
192444
192547
192651
192754
192857
192960
193064
193168
193270
193374
193478
193582
193686
193789
193891
193995
194099
194202
194305
194408
194511
194614
194718
194821
194925
195029
195132
195235
195339
195443
195546
195649
195753
195857
195960
196063
196166
196269
196554
196657
196761
196864
196968
197072
197175
197278
197381
197485
197587
197690
197794
205925
206027
206130
206234
206338
206442
206544
206646
206750
206861
206964
207068
207171
207274
207378
207481
207584
207687
207790
207893
207997
208100
208203
208306
208409
208513
208617
208720
208823
208927
209030
209134
209237
209340
209443
209546
209650
209753
209855
209958
210060
210163
210266
210370
210473
210577
211130
211234
211337
211677
211781
211885
211988
212092
212195
212298
212440
212548
215220
215324
215427
215530
215634
216929
217307
217411
217514
217616
217720
217823
217926
218029
218132
218235
218339
218450
218553
218656
218759
218863
218966
219069
219172
219274
219377
219481
219585
219688
219791
219894
219996
220100
220203
220307
220411
220514
220618
220722
220825
220928
221037
221140
221244
221347
221449
221553
221656
222274
222378
222480
222583
222687
222791
222894
222998
223101
223203
223305
223409
223511
223613
223717
223820
223923
224026
224130
224232
227242
227345
227449
227552
227661
227765
227868
227972
228076
228180
228283
228386
228490
228594
228697
228800
228904
229008
229111
229222
229324
229428
229537
229640
229743
229846
229950
230053
230157
230260
230363
230465
230568
230672
230775
230879
230983
231085
231187
231289
231393
231497
231600
231703
231806
231910
232013
232117
232221
232325
232428
232531
233018
233121
233223
233326
233429
233531
233635
233738
233841
234134
234432
234536
