76062
84878
84905
84934
85001
92706
92732
92800
92845
92890
92933
92973
93012
93053
93094
93138
93179
93221
93271
93324
93374
93429
93487
93537
93587
93642
93692
93742
93793
93846
93900
93936
93980
94029
94077
94131
94182
94232
94281
94335
94387
94432
94476
94523
94567
94612
94657
94703
94748
94798
94851
94895
94940
94985
95030
95076
95126
95164
95201
95252
95300
95359
95419
95472
102131
102192
109757
234237
236713
236905
237079
237282
237410
237555
237739
237911
238598
238717
238771
238902
239298
239403
239465
239592
239873
239987
240109
240288
240484
240604
240726
240903
241018
241142
241254
241375
241546
241729
241916
242029
242151
242454
242586
242790
243058
243182
243321
243442
243575
243709
243893
243947
255211
255374
255620
257708
262659
264558
264712
264918
265080
265230
265358
270984
