106622
109596
149836
149883
149938
149981
150022
150079
150143
150203
150617
150667
151671
151722
151782
151832
152718
152768
152826
153998
154042
154096
154308
154466
154529
155322
155471
155581
155895
157185
157237
157289
157331
159619
159658
159708
160252
160336
160499
160544
160586
160674
160765
160809
160853
160897
160941
160985
161032
161951
161989
162041
162906
162962
163029
163185
163406
163448
163637
163743
164053
164107
164339
164511
165384
165573
165619
165669
166199
166267
166935
166991
167035
167373
167419
167466
167515
167563
167612
167660
167709
167757
167806
173628
173878
174585
174677
174780
174880
174982
175084
175191
175290
175409
175508
175606
175707
175982
176024
176073
176117
176163
176214
177260
177354
177407
177568
177619
177665
177714
177758
177806
177855
179080
179136
179175
179261
179308
179308
179384
179447
179512
179557
179601
179655
180130
180189
180248
180307
180364
180481
180533
180585
180637
180687
180737
180993
181587
181587
181667
181716
181762
181801
181842
181944
181987
182028
182224
182270
188387
188568
188965
189082
189125
189168
189269
189372
189477
189578
189676
189776
189886
189980
190080
190128
196373
196458
196504
197897
197951
198000
198048
198193
198254
198342
198393
198441
198499
198551
198596
198647
198703
198750
198790
198893
198939
198998
199058
199728
199770
199820
199865
199912
199952
199993
200163
200259
200466
200515
200673
200722
200771
200820
200872
200934
200993
201047
201145
201244
201346
201440
201555
201650
201802
201873
201939
202006
202068
202123
202190
202252
202302
202375
202444
202510
202571
202631
202687
202741
202794
202863
202927
202990
203049
203113
203172
203231
203285
203349
203408
203466
203520
203585
203645
203704
203759
203823
203882
203940
203994
204059
204119
204178
204233
204297
204355
204414
204467
204525
204593
204656
204719
204778
204837
204891
204935
205048
205213
205413
205842
205882
210824
210878
210977
211023
211076
211440
211477
211519
211574
211625
212401
212652
212699
212742
212993
213040
213091
213147
213200
213252
213310
213460
213512
213553
213594
213644
213697
213747
213797
213847
213897
213950
214003
214053
214106
214156
214209
214262
214310
214357
214403
214447
214491
214595
215902
215946
216019
216070
216109
216151
216197
216241
216281
216328
216422
216467
216507
224376
224425
224477
224525
224573
224621
224669
224717
224774
224822
224870
224920
224976
225027
225081
225132
225188
225246
225310
225369
225431
225490
225533
225635
225681
225792
226070
226109
226369
232635
234089
234333
235009
235060
235124
235179
235498
235733
236028
236080
236125
236184
236236
236289
236341
236665
237857
238125
238184
238245
238305
238361
238416
238547
239106
239167
239235
242345
242402
242718
242923
244105
244155
244199
244238
244278
244654
244703
244753
244802
244855
244908
244964
245012
245067
245115
245167
245214
245263
245797
245882
245994
246037
248200
248284
248318
248356
248918
248957
248999
249041
249083
249174
249216
249258
249303
249348
249388
249432
249476
249520
249568
249616
249669
249711
249757
249805
249843
249885
249925
249969
250012
250055
250099
250138
250194
250238
250282
250332
250377
250422
250467
250512
250557
250605
250653
250695
250741
250794
250847
250900
250953
251006
251062
251118
251159
251204
251250
251302
251349
251391
251433
251479
251522
251835
251881
251939
252298
252341
252384
252442
252576
253129
254393
254438
254498
254556
254621
255004
255043
255095
255155
255779
255838
255919
255968
256011
256056
256101
256161
256221
256288
256355
256399
256452
256497
256556
256601
256658
256711
256761
256824
256879
256927
256980
257289
257342
257396
257445
257490
257534
257578
257621
257662
257807
257859
257919
258021
258065
258106
258151
258195
258234
258276
258341
258391
258439
258482
258531
258575
258629
258678
258722
258766
258810
258854
258898
258934
258974
259030
259077
259123
259173
259218
259264
259391
259437
259478
259517
259599
260117
260164
260248
260295
260340
260388
260431
260481
260534
260617
261827
261876
261917
262004
262118
262167
262245
262420
262806
262865
262926
262987
263057
263216
263779
264121
264213
264268
264480
265564
265662
266117
267527
267583
267641
267700
267749
267796
267840
267903
267985
268048
268103
268160
268224
268285
268349
268411
268474
268536
268607
268672
268812
268856
268900
268990
269037
269087
269131
269314
269364
269597
269646
269699
269751
269801
269845
269897
270259
270359
270412
270464
270516
270788
270837
270885
270932
271821
271868
271958
272224
272293
272350
272579
272740
272802
272844
273271
273318
273717
273805
273857
273910
274099
274152
274199
274244
274292
274398
274517
274708
274843
274902
274943
274988
275242
275877
275929
276137
276236
276527
276627
276672
276721
276771
276825
276875
277192
277403
277790
277839
277887
277937
278949
278999
279386
279427
279571
279614
279663
279716
279756
279855
280108
280148
280190
280263
280336
280409
280474
280539
280604
280669
280734
280792
280850
280908
280966
281017
281073
281129
281185
281240
281295
281346
281397
281448
281499
281553
281607
281661
281715
281769
281823
281880
281937
281990
282043
282096
282149
282202
282253
282307
282361
282415
282469
282523
282577
282620
283253
283309
283367
283426
283465
283508
283704
284033
284078
284998
285790
286110
286238
286291
286339
287686
287727
287868
287911
287959
288007
288055
288103
288151
288194
288245
288289
288338
288388
288450
288506
288562
288615
288659
288716
288774
288832
288890
288948
288994
289033
289080
289136
289193
289245
289301
289354
289411
289473
289539
289591
290001
290049
290178
290219
290264
290304
290348
290385
290426
290466
290510
290567
290624
290680
290736
290783
290823
290858
290897
290937
290977
291158
291198
291240
