1280
1316
1745
1793
1845
1896
1942
1992
2040
2092
2145
2202
2245
2292
2348
2408
2456
2508
2556
2608
2655
2706
2754
2806
2853
2904
2948
2996
3043
3094
3136
3227
3283
3332
3383
3454
3558
3608
3710
3765
3871
3932
4227
4295
4357
4431
4505
4663
4789
4860
4931
4995
5059
5120
5180
5240
5325
5410
5495
5572
5649
5726
5803
5880
5950
6020
6090
6160
6228
6296
6364
6431
6498
6561
6624
6687
6750
6816
6882
6948
7014
7080
7146
7215
7284
7349
7414
7479
7544
7609
7672
7738
7804
7870
7936
8002
8068
8128
8188
8258
8381
8458
8862
9034
9449
9577
9781
9963
10073
10184
10287
10392
10494
10595
10700
10795
10897
11001
11114
11204
11290
11368
11533
11807
11914
12231
12349
12462
12582
12700
12813
12926
13028
13128
13227
13325
13431
13529
13795
13888
13976
14228
14321
14409
14661
14754
14842
15095
15189
15278
15368
15606
15694
15777
16005
16091
16172
16251
16330
16412
16490
16566
16644
16858
16946
17038
17128
17214
17302
17375
17450
17531
17607
17686
17831
17920
18011
18108
18200
18295
18464
18552
18799
18879
18981
19092
19196
19369
19447
19540
19634
19733
19832
19933
20034
20144
20254
20352
20448
20546
20645
20748
20844
20942
21041
21091
21198
21261
21323
21382
21446
21618
21679
21753
21825
21897
21964
22029
22094
22155
22219
22283
22344
22407
22470
22533
22593
22668
22741
22821
22881
22941
23016
23091
23173
23255
23324
23383
23442
23501
23560
23619
23686
23753
23816
23879
23942
24008
24085
24156
24227
24295
24368
24441
24548
24608
24733
24800
24859
24922
24978
25038
25104
25162
25228
25289
25348
25421
25839
25895
25955
26010
26067
26129
26186
26248
26305
26365
26420
26479
26539
26594
26661
26711
26773
26831
26905
26981
27046
27110
27231
27334
27410
27485
27545
27599
27664
27724
27783
27845
27904
27973
28036
28092
28154
28221
28279
28336
28406
28467
28523
28581
28633
28696
28769
28839
28904
28986
29063
29141
29214
29280
29358
29431
29492
29576
29656
29733
29805
29876
29943
30007
30087
30162
30236
30306
30381
30451
30521
30586
30661
30731
30800
30865
30941
31012
31082
31148
31223
31293
31362
31427
31503
31574
31644
31710
31785
31854
31924
31988
32057
32136
32210
32284
32354
32424
32489
32552
32611
32677
32739
32806
32870
32933
33002
33071
33121
33181
33244
33303
33421
33494
33563
33639
33701
33776
33842
33905
33961
34031
34094
34158
34221
34280
34345
34415
34487
34558
34625
34691
34763
34825
34899
34967
35030
35113
35182
35237
35288
35348
35409
35469
35533
35597
35664
35723
35789
35848
35911
35969
36029
36083
36132
36201
36259
36322
36382
36437
36493
36563
36619
36687
36751
36812
36886
36952
37011
37075
37144
37208
37264
37321
37384
37455
37518
37573
37629
37684
37760
37819
37873
37933
37988
38048
38103
38170
38228
38285
38346
38402
38451
38500
38557
38609
38667
38721
38785
38836
38896
38959
39025
39087
39147
39205
39260
39334
39408
39476
39551
39623
39698
39771
39845
39918
40000
40076
40134
40195
40250
40314
40370
40433
40497
40555
40625
40680
40743
40801
40856
40910
40987
41049
41120
41184
41243
41298
41352
41406
41461
41521
41582
41637
41705
41762
41820
41888
41951
42018
42086
42163
42226
42289
42348
42410
42533
42591
42657
42772
42811
42850
42888
42977
43033
43093
43134
43180
43232
43283
43321
43363
43412
43465
43519
43577
43631
43689
43743
43801
43854
43911
43954
44001
44096
44141
44186
44240
44297
44351
44405
44459
44513
44570
44627
44681
44738
44792
44849
44906
44956
45004
45052
45217
45257
45301
45345
45393
45435
45481
45529
45567
45609
45649
45693
45735
45781
45822
45867
45914
45956
46038
46081
46172
46267
46370
46533
46630
46672
46717
46809
46856
46905
46954
47003
47052
47101
47153
47249
47300
47354
47409
47475
47538
47603
47668
47738
47800
47882
47944
48005
48069
48130
48194
48260
48328
48392
48453
48516
48589
48646
48709
48768
48833
48900
48961
49023
49088
49145
49223
49281
49338
49409
49456
49510
49576
49643
49696
49748
49856
49907
49961
50016
50083
50147
50213
50279
50349
50411
50493
50556
50617
50681
50742
50806
50872
50940
51005
51067
51131
51205
51262
51325
51384
51449
51517
51579
51641
51707
51765
51843
51902
51959
52030
52078
52132
52198
52266
52319
52372
52479
52530
52584
52639
52706
52770
52836
52902
52972
53034
53116
53179
53240
53304
53365
53429
53495
53563
53628
53690
53754
53828
53885
53948
54007
54072
54140
54202
54264
54330
54388
54466
54525
54582
54653
54701
54755
54821
54889
54942
54995
55102
55153
55207
55262
55329
55393
55459
55525
55595
55657
55739
55802
55863
55927
55988
56052
56118
56186
56251
56313
56377
56451
56508
56571
56630
56695
56763
56825
56887
56953
57011
57089
57148
57205
57276
57324
57378
57444
57512
57565
57618
57730
57792
57850
57909
57972
58036
58136
58187
58241
58296
58363
58427
58493
58559
58629
58691
58773
58836
58897
58961
59022
59086
59152
59220
59285
59347
59411
59485
59542
59605
59664
59729
59797
59859
59921
59987
60045
60123
60182
60239
60310
60358
60412
60478
60546
60599
60652
60759
60810
60864
60919
60986
61050
61116
61182
61252
61314
61396
61459
61520
61584
61645
61709
61775
61843
61908
61970
62034
62108
62165
62228
62287
62352
62420
62482
62544
62610
62668
62746
62805
62862
62933
62981
63035
63101
63169
63222
63275
63385
63439
63496
63554
63624
63691
63760
63829
63902
63967
64052
64118
64182
64249
64313
64380
64449
64520
64588
64653
64720
64797
64857
64923
64985
65053
65124
65189
65254
65323
65384
65465
65527
65587
65661
65712
65769
65838
65909
65965
66021
66134
66188
66245
66303
66373
66440
66509
66578
66651
66716
66801
66867
66931
66998
67062
67129
67198
67269
67337
67402
67469
67546
67606
67672
67734
67802
67873
67938
68003
68072
68133
68214
68276
68336
68410
68461
68518
68587
68658
68714
68770
68928
68988
69042
69112
69189
69262
69342
69401
69459
69532
69595
69654
69717
69788
69864
69921
69982
70045
70125
70189
70245
70300
70362
70423
70481
70540
70600
70664
70725
70778
70834
70896
70957
71020
71059
71101
71143
71185
71227
71269
71314
71359
71403
71451
71496
71539
71583
71622
71670
71714
71756
71801
71846
71891
71936
71981
72029
72077
72130
72183
72236
72289
72342
72398
72454
72500
72544
72586
72629
72714
72775
72833
72884
72934
72978
73019
73058
73188
73251
73356
73415
73687
73767
73835
73914
73988
74059
74131
74197
74274
74351
74418
74504
74579
74651
74721
74792
74885
74957
75038
75107
75182
75259
75333
75391
75449
75500
75552
75600
75656
75758
75817
75869
75919
75968
76016
77317
77420
77524
77626
77730
77833
77937
78038
78141
78243
78347
78451
78554
78657
78760
78863
78967
79069
79173
79276
79380
79484
79587
79763
79865
79968
80071
80193
80297
80400
80503
80607
80710
80814
80917
81021
81124
81228
81332
81435
81539
81643
81745
81849
81952
82055
82158
82261
82365
82468
82572
82676
82779
82881
82984
83088
83191
83294
83397
83500
83602
83706
83810
83912
84016
84118
84221
84323
84427
84530
84633
84736
85129
85232
85335
85438
85542
85645
85749
85852
85955
86076
86180
86284
86387
86490
86594
86697
86800
86903
87007
87110
87213
87315
87418
87521
87624
87726
87829
87933
88037
88140
88243
88346
88449
88552
88655
88757
88861
88964
89068
89172
89276
89379
89482
89586
89688
89792
89896
89999
90102
90206
90310
90414
90517
90620
90723
90827
90931
91035
91154
91258
91362
91465
91569
91672
91776
91879
91983
92086
92189
92292
92396
92499
92603
95526
95629
95732
95835
95939
96042
96145
96248
96352
96456
96559
96662
96766
96869
96973
97077
97180
97283
97387
97490
97593
97697
97801
97904
98006
98109
98213
98314
98418
98522
98626
98728
98831
98934
99038
99142
99245
99348
99452
99555
99657
99760
99914
100018
100121
100225
100329
100477
100580
100684
100788
100891
100994
101098
101201
101305
101408
101512
101616
101719
101821
101925
102028
103163
103266
103411
103515
103618
103722
103825
103928
104031
104133
104236
104340
104444
104548
104649
104753
104857
104968
105072
105176
105279
105382
105486
105590
105694
105797
105901
106005
106109
106211
106314
106417
106520
106622
106661
106764
106866
106970
107074
107178
107281
107385
107488
107592
107695
107799
108009
108113
108216
108320
108423
108527
108631
108735
108837
108940
109044
109148
109251
109354
109458
109596
109864
109967
110071
110174
110278
110382
110486
110589
110691
110793
110895
110999
111103
111205
111308
111411
111514
111618
111722
111826
111930
112034
112138
112242
112345
112449
112552
112656
112760
112864
112968
113071
113175
113279
113382
113483
113587
113690
113794
113897
114000
114104
114207
114323
114425
114529
114632
114736
114840
114943
115046
115149
115252
115354
115457
115561
115664
115767
115870
115973
116075
116178
116282
116386
116489
116593
116697
116800
116903
117006
117110
117213
117317
117421
117523
117626
117729
117833
117935
118039
118143
118246
118349
118452
118556
118659
118762
118866
118969
119071
119175
119278
119381
119484
119587
119690
119794
119898
120002
120113
120216
120319
120423
120526
120630
120734
120837
120940
121043
121146
121250
121354
121457
121560
121664
121767
121870
121973
122077
122504
122608
122711
122814
122918
123021
123125
123228
123331
123434
123537
123641
123745
123848
123951
124054
124156
124260
124363
124466
124569
124672
124775
124879
124983
125086
125187
125290
125393
125497
125601
125704
125807
125910
126012
126115
126219
126323
126427
126530
126633
126736
126840
126944
127047
127151
127255
127359
127462
127566
127669
127772
127874
127992
128096
128198
128301
128404
128507
128610
128713
128817
128921
129024
129128
129232
129336
129438
129542
129644
129747
129851
129954
130058
130169
130272
130375
130478
130582
130685
130789
130891
130994
131097
131201
131305
131409
131513
131616
131720
131824
131928
132032
132135
132238
132341
132443
132547
132650
132753
132856
132960
133064
133167
133271
133372
133475
133578
133681
133784
133887
133990
134094
134197
134308
134411
134515
134619
134723
134827
134930
135033
135136
135239
135343
135446
135550
135654
135758
135861
135965
136068
136171
136274
136378
136481
136583
136758
136859
136963
137067
137170
137272
137375
137479
137582
137686
137789
137892
137996
138099
138203
138307
138411
138514
138616
138719
138822
138925
139027
139130
139233
139337
139441
139543
139645
139749
139853
139956
140059
140162
140265
140369
140472
140576
140680
140784
140886
140990
141093
141197
141301
141405
141509
141611
141715
141819
141922
142025
142128
142232
142336
142439
142542
142645
142749
142852
142955
143059
143162
143265
143367
143471
143575
143679
143782
143885
143988
144091
144195
144298
144402
144506
144608
144712
144816
144920
145024
145127
145229
145332
145436
145540
145643
145747
145851
145954
146056
146158
146261
146365
146469
146572
146675
146779
146883
146987
147089
147192
147294
147396
147500
147603
147707
147811
147915
148018
148122
148226
148329
148432
148535
148638
148742
148846
148949
149053
149157
149261
149364
149836
149883
149938
149981
150022
150079
150143
150203
150617
150667
151671
151722
151782
151832
152718
152768
152826
153998
154042
154096
154308
154466
154529
155322
155471
155581
155895
157185
157237
157289
157331
159619
159658
159708
160252
160499
160544
160586
160674
160765
160809
160853
160897
160941
160985
161032
161951
161989
162041
162906
162962
163029
163185
163406
163448
163637
163743
164053
164107
164339
164511
165384
165573
165619
165669
166199
166267
166935
166991
167373
167515
167612
167709
167806
168316
168419
168523
168625
168728
168832
168935
169038
169142
169244
169348
169451
169555
169657
169760
169864
169968
170072
170176
170279
170381
170485
170588
170691
170795
170898
171001
171105
171208
171310
171414
171517
171620
171723
171827
171931
172034
172138
172240
172344
172448
172550
172653
172756
172859
172962
173065
173168
173271
173374
173478
173628
173670
173774
173878
173966
174069
174171
174275
174378
174482
174585
174677
174780
174880
174982
175084
175191
175290
175409
175508
175606
175707
176024
176073
176117
176163
176214
176432
176536
176640
176744
176848
176951
177054
177157
177260
177354
177407
177568
177619
177665
177714
177758
177806
177855
179080
179136
179175
179261
179308
179384
179447
179512
179557
179601
179655
180130
180189
180248
180307
180364
180481
180533
180585
180637
180687
180993
181587
181667
181716
181762
181801
181842
181987
182028
182224
182323
182434
182537
182641
182744
182848
182950
183054
183157
183260
183363
183466
183570
183673
183776
183879
183983
184087
184191
184294
184396
184499
184602
184705
184808
184911
185015
185118
185221
185325
185429
185532
185636
185738
185841
185945
186048
186157
186260
186363
186467
186570
186673
186836
186939
187042
187146
187249
187351
187454
187558
187662
187764
187868
187969
188072
188175
188387
188568
188656
188759
188862
189082
189168
189269
189372
189477
189578
189676
189776
189886
189980
190080
190128
190689
190791
190894
190998
191101
191203
191305
191408
191512
191615
191719
191823
191927
192031
192134
192238
192341
192444
192547
192651
192754
192857
192960
193064
193168
193270
193374
193478
193582
193686
193789
193891
193995
194099
194202
194305
194408
194511
194614
194718
194821
194925
195029
195132
195235
195339
195443
195546
195649
195753
195857
195960
196063
196166
196269
196373
196458
196504
196554
196657
196761
196864
196968
197072
197175
197278
197381
197485
197587
197690
197794
197897
197951
198000
198193
198254
198342
198393
198441
198499
198551
198596
198647
198703
198790
198893
198939
198998
199058
199770
199820
199865
199912
199952
199993
200163
200259
200466
200515
200673
200722
200771
200820
200872
200934
200993
201047
201145
201244
201346
201440
201555
201650
201802
201873
201939
202006
202068
202123
202190
202252
202302
202375
202444
202510
202571
202631
202687
202741
202794
202863
202927
202990
203049
203113
203172
203231
203285
203349
203408
203466
203520
203585
203645
203704
203759
203823
203882
203940
203994
204059
204119
204178
204233
204297
204355
204414
204467
204525
204593
204656
204719
204778
204837
204891
204935
205048
205213
205413
205925
206027
206130
206234
206338
206442
206544
206646
206750
206861
206964
207068
207171
207274
207378
207481
207584
207687
207790
207893
207997
208100
208203
208306
208409
208513
208617
208720
208823
208927
209030
209134
209237
209340
209443
209546
209650
209753
209855
209958
210060
210163
210266
210370
210473
210577
210878
210977
211023
211076
211130
211234
211337
211440
211477
211519
211574
211677
211781
211885
211988
212092
212195
212298
212440
212548
212652
212699
212742
213040
213091
213147
213200
213252
213310
213460
213512
213553
213594
213644
213697
213747
213797
213847
213897
213950
214003
214053
214106
214156
214209
214262
214310
214357
214403
214447
214491
214595
215220
215324
215427
215530
215634
216019
216070
216109
216151
216241
216281
216328
216422
217307
217411
217514
217616
217720
217823
217926
218029
218132
218235
218339
218450
218553
218656
218759
218863
218966
219069
219172
219274
219377
219481
219585
219688
219791
219894
219996
220100
220203
220307
220411
220514
220618
220722
220825
220928
221037
221140
221244
221347
221449
221553
221656
222274
222378
222480
222583
222687
222791
222894
222998
223101
223203
223305
223409
223511
223613
223717
223820
223923
224026
224130
224232
224376
224425
224477
224525
224573
224621
224669
224717
224774
224822
224870
224920
224976
225027
225081
225132
225188
225246
225310
225369
225431
225490
225533
227242
227345
227449
227552
227661
227765
227868
227972
228076
228180
228283
228386
228490
228594
228697
228800
228904
229008
229111
229222
229324
229428
229537
229640
229743
229846
229950
230053
230157
230260
230363
230465
230568
230672
230775
230879
230983
231085
231187
231289
231393
231497
231600
231703
231806
231910
232013
232117
232221
232325
232428
232531
232635
233018
233121
233223
233326
233429
233531
233635
233738
233841
234089
234134
234333
234432
234536
235009
235060
235124
235179
235733
236028
236080
236125
236184
236236
236289
236665
237857
238125
238184
238245
238305
238361
238416
238547
239106
239167
239235
242345
242402
242718
242923
244105
244155
244199
244238
244654
244703
244753
244802
244855
244908
244964
245012
245067
245115
245167
245214
245263
245882
245994
246037
248200
248284
248318
248918
248957
248999
249041
249083
249174
249216
249258
249303
249348
249388
249432
249476
249520
249568
249616
249669
249711
249757
249805
249843
249885
249925
249969
250012
250055
250099
250138
250194
250238
250282
250332
250377
250422
250467
250512
250557
250605
250653
250695
250741
250794
250847
250900
250953
251006
251062
251118
251159
251204
251250
251302
251349
251391
251433
251479
251522
251835
251881
251939
252298
252341
252384
252576
253129
254393
254438
254498
254556
254621
255043
255095
255779
255919
255968
256011
256056
256101
256161
256221
256288
256355
256399
256452
256497
256556
256601
256658
256711
256761
256824
256879
256927
256980
257289
257342
257396
257445
257490
257578
257662
257807
257859
257919
258021
258065
258106
258151
258195
258276
258341
258391
258439
258482
258531
258575
258629
258678
258722
258766
258810
258854
258898
258934
258974
259030
259077
259123
259173
259218
259264
259391
259437
259478
259517
260117
260164
260248
260295
260340
260388
260431
260481
261827
261876
261917
262004
262118
262245
262420
262806
262865
262926
262987
263057
263216
264213
264268
265564
265662
266117
267527
267583
267641
267700
267749
267796
267840
267903
267985
268048
268103
268160
268224
268285
268349
268411
268474
268536
268607
268812
268856
268900
268990
269037
269087
269131
269314
269364
269597
269646
269699
269751
269801
269845
269897
270259
270359
270412
270464
270788
270837
270885
270932
271821
271868
271958
272224
272293
272350
272579
272740
272844
273271
273318
273805
273857
274099
274152
274199
274244
274292
274517
274843
274902
274943
275242
275877
275929
276137
276236
276527
276627
276672
276721
276771
276825
276875
277403
277790
277839
277887
277937
278949
278999
279386
279427
279571
279614
279663
279716
279756
279855
280148
280190
280263
280336
280409
280474
280539
280604
280669
280734
280792
280850
280908
280966
281017
281073
281129
281185
281240
281295
281346
281397
281448
281499
281553
281607
281661
281715
281769
281823
281880
281937
281990
282043
282096
282149
282202
282253
282307
282361
282415
282469
282523
282577
282620
283253
283309
283367
283426
283465
283508
283704
284998
285790
286238
286291
286339
287727
287868
287911
287959
288007
288055
288103
288151
288194
288245
288289
288338
288388
288450
288506
288562
288615
288659
288716
288774
288832
288890
288948
288994
289033
289080
289136
289193
289245
289301
289354
289411
289473
289539
289591
290001
290049
290178
290219
290264
290304
290348
290385
290426
290466
290510
290567
290624
290680
290736
290783
290823
290858
290937
290977
