1232
1280
1316
1356
1673
1745
1793
1845
1896
1942
1992
2040
2092
2145
2202
2245
2292
2348
2408
2456
2508
2556
2608
2655
2706
2754
2806
2853
2904
2948
2996
3043
3094
3136
3182
3227
3283
3332
3383
3454
3514
3558
3608
3662
3710
3765
3818
3871
3932
3987
4034
4079
4175
4227
4295
4357
4431
4505
4559
4609
4663
4732
4789
4860
4931
4995
5059
5120
5180
5240
5325
5410
5495
5572
5649
5726
5803
5880
5950
6020
6090
6160
6228
6296
6364
6431
6498
6561
6624
6687
6750
6816
6882
6948
7014
7080
7146
7215
7284
7349
7414
7479
7544
7609
7672
7738
7804
7870
7936
8002
8068
8128
8188
8258
8328
8381
8458
8542
8593
8691
8787
8862
8950
9034
9126
9217
9331
9449
9577
9698
9781
9876
9963
10073
10184
10287
10392
10494
10595
10700
10795
10897
11001
11114
11204
11290
11368
11448
11533
11622
11711
11807
11914
12021
12124
12231
12349
12462
12582
12700
12813
12926
13028
13128
13227
13325
13431
13529
13632
13709
13795
13888
13976
14065
14142
14228
14321
14409
14498
14575
14661
14754
14842
14931
15008
15095
15189
15278
15368
15453
15525
15606
15694
15777
15856
15926
16005
16091
16172
16251
16330
16412
16490
16566
16644
16712
16781
16858
16946
17038
17128
17214
17302
17375
17450
17531
17607
17686
17762
17831
17920
18011
18108
18200
18295
18387
18464
18552
18642
18721
18799
18879
18981
19092
19196
19293
19369
19447
19540
19634
19733
19832
19933
20034
20144
20254
20352
20448
20546
20645
20748
20844
20942
21041
21091
21148
21198
21261
21323
21382
21446
21503
21558
21618
21679
21753
21825
21897
21964
22029
22094
22155
22219
22283
22344
22407
22470
22533
22593
22668
22741
22821
22881
22941
23016
23091
23173
23255
23324
23383
23442
23501
23560
23619
23686
23753
23816
23879
23942
24008
24085
24156
24227
24295
24368
24441
24496
24548
24608
24672
24733
24800
24859
24922
24978
25038
25104
25162
25228
25289
25348
25421
25494
25839
25895
25955
26010
26067
26129
26186
26248
26305
26365
26420
26479
26539
26594
26661
26711
26773
26831
26905
26981
27046
27110
27167
27231
27334
27410
27485
27545
27599
27664
27724
27783
27845
27904
27973
28036
28092
28154
28221
28279
28336
28406
28467
28523
28581
28633
28696
28769
28839
28904
28986
29063
29141
29214
29280
29358
29431
29492
29576
29656
29733
29805
29876
29943
30007
30087
30162
30236
30306
30381
30451
30521
30586
30661
30731
30800
30865
30941
31012
31082
31148
31223
31293
31362
31427
31503
31574
31644
31710
31785
31854
31924
31988
32057
32136
32210
32284
32354
32424
32489
32552
32611
32677
32739
32806
32870
32933
33002
33071
33121
33181
33244
33303
33357
33421
33494
33563
33639
33701
33776
33842
33905
33961
34031
34094
34158
34221
34280
34345
34415
34487
34558
34625
34691
34763
34825
34899
34967
35030
35113
35182
35237
35288
35348
35409
35469
35533
35597
35664
35723
35789
35848
35911
35969
36029
36083
36132
36201
36259
36322
36382
36437
36493
36563
36619
36687
36751
36812
36886
36952
37011
37075
37144
37208
37264
37321
37384
37455
37518
37573
37629
37684
37760
37819
37873
37933
37988
38048
38103
38170
38228
38285
38346
38402
38451
38500
38557
38609
38667
38721
38785
38836
38896
38959
39025
39087
39147
39205
39260
39334
39408
39476
39551
39623
39698
39771
39845
39918
40000
40076
40134
40195
40250
40314
40370
40433
40497
40555
40625
40680
40743
40801
40856
40910
40987
41049
41120
41184
41243
41298
41352
41406
41461
41521
41582
41637
41705
41762
41820
41888
41951
42018
42086
42163
42226
42289
42348
42410
42480
42533
42591
42657
42723
42772
42811
42850
42888
42938
42977
43033
43093
43134
43180
43232
43283
43321
43363
43412
43465
43519
43577
43631
43689
43743
43801
43854
43911
43954
44001
44043
44096
44141
44186
44240
44297
44351
44405
44459
44513
44570
44627
44681
44738
44792
44849
44906
44956
45004
45052
45102
45173
45217
45257
45301
45345
45393
45435
45481
45529
45567
45609
45649
45693
45735
45781
45822
45867
45914
45956
46002
46038
46081
46127
46172
46227
46267
46321
46370
46433
46493
46533
46590
46630
46672
46717
46760
46809
46856
46905
46954
47003
47052
47101
47153
47205
47249
47300
47354
47409
47475
47538
47603
47668
47738
47800
47882
47944
48005
48069
48130
48194
48260
48328
48392
48453
48516
48589
48646
48709
48768
48833
48900
48961
49023
49088
49145
49223
49281
49338
49409
49456
49510
49576
49643
49696
49748
49811
49856
49907
49961
50016
50083
50147
50213
50279
50349
50411
50493
50556
50617
50681
50742
50806
50872
50940
51005
51067
51131
51205
51262
51325
51384
51449
51517
51579
51641
51707
51765
51843
51902
51959
52030
52078
52132
52198
52266
52319
52372
52435
52479
52530
52584
52639
52706
52770
52836
52902
52972
53034
53116
53179
53240
53304
53365
53429
53495
53563
53628
53690
53754
53828
53885
53948
54007
54072
54140
54202
54264
54330
54388
54466
54525
54582
54653
54701
54755
54821
54889
54942
54995
55058
55102
55153
55207
55262
55329
55393
55459
55525
55595
55657
55739
55802
55863
55927
55988
56052
56118
56186
56251
56313
56377
56451
56508
56571
56630
56695
56763
56825
56887
56953
57011
57089
57148
57205
57276
57324
57378
57444
57512
57565
57618
57681
57730
57792
57850
57909
57972
58036
58092
58136
58187
58241
58296
58363
58427
58493
58559
58629
58691
58773
58836
58897
58961
59022
59086
59152
59220
59285
59347
59411
59485
59542
59605
59664
59729
59797
59859
59921
59987
60045
60123
60182
60239
60310
60358
60412
60478
60546
60599
60652
60715
60759
60810
60864
60919
60986
61050
61116
61182
61252
61314
61396
61459
61520
61584
61645
61709
61775
61843
61908
61970
62034
62108
62165
62228
62287
62352
62420
62482
62544
62610
62668
62746
62805
62862
62933
62981
63035
63101
63169
63222
63275
63338
63385
63439
63496
63554
63624
63691
63760
63829
63902
63967
64052
64118
64182
64249
64313
64380
64449
64520
64588
64653
64720
64797
64857
64923
64985
65053
65124
65189
65254
65323
65384
65465
65527
65587
65661
65712
65769
65838
65909
65965
66021
66087
66134
66188
66245
66303
66373
66440
66509
66578
66651
66716
66801
66867
66931
66998
67062
67129
67198
67269
67337
67402
67469
67546
67606
67672
67734
67802
67873
67938
68003
68072
68133
68214
68276
68336
68410
68461
68518
68587
68658
68714
68770
68836
68879
68928
68988
69042
69112
69189
69262
69342
69401
69459
69532
69595
69654
69717
69788
69864
69921
69982
70045
70125
70189
70245
70300
70362
70423
70481
70540
70600
70664
70725
70778
70834
70896
70957
71020
71059
71101
71143
71185
71227
71269
71314
71359
71403
71451
71496
71539
71583
71622
71670
71714
71756
71801
71846
71891
71936
71981
72029
72077
72130
72183
72236
72289
72342
72398
72454
72500
72544
72586
72629
72670
72714
72775
72833
72884
72934
72978
73019
73058
73097
73139
73188
73251
73314
73356
73415
73476
73522
73572
73626
73687
73767
73835
73914
73988
74059
74131
74197
74274
74351
74418
74504
74579
74651
74721
74792
74885
74957
75038
75107
75182
75259
75333
75391
75449
75500
75552
75600
75656
75706
75758
75817
75869
75919
75968
76016
